11545697
12546123
13571240
20511037
20517029
20528710
20529200
21502734
21507643
21513122
21513123
21513785
21514868
21514869
21518903
21523599
21523610
21523617
21524554
21529483
21535607
22504935
22505032
22505755
22505756
22508123
22508163
22508167
22509652
22511467
22511468
22511823
22511824
22512648
22513218
22513220
22514181
22514182
22515651
22515772
22515798
22516281
22518400
22518401
22519641
22520305
22521319
22523581
22526578
22529037
22530237
22530238
22530239
22530240
22530241
22530848
22531237
22531238
22531239
22531240
22531564
22533360
22533364
22534221
22536501
23504632
23508418
23508419
23508420
23508684
23508763
23508764
23509310
23509508
23510419
23510817
23511249
23511947
23512690
23513118
23513227
23524573
23526647
23527509
23528899
24500798
24501246
24501247
24501249
24504396
24504904
24505893
24510768
24512282
24514587
24515352
24516445
24516453
24516501
24516506
24517609
24518231
24520277
24520318
24520430
24520431
24520432
24520468
24520469
24521622
24522499
24523112
24524025
24524713
24525131
24525132
24526449
25500815
25500817
25502128
25502129
25502130
25502218
25502527
25515773