2633923
3645452
3645463
3652628
3652742
3652797
4676908
4702561
4707953
4718687
4728045
4728181
4729866
4733475
4734387
4734876
5519573
5534565
5542074
5557960
5557971
5599111
5630308
5638448
5638982
5639054
5650782
5729577
6651383
6651394
6651430
6654382
6679976
6680019
6680020
6680053
6680064
6680075
6680097
6744816
6747020
7531886
7533688
7559231
7616797
7620317
7622595
7664702
7668748
7669332
7670282
7685269
7686820
7702514
7798370
7823349
7823350
7842673
7860244
8500587
8500604
8500609
8500611
8511481
8516167
8520608
8521282
8522930
8524241
8524839
8524850
8524853
8530205
8531542
8531600
8532034
8534369
8536525
8537686
8552838
8552849
8557515
8583571
8612279
8612280
8614946
8656299
8657656
8676731
8717962
8740425
8755780
8756830
9500945
9502419
9518061
9521578
9522971
9527654
9527700
9531147
9534968
9536852
9538683